800494612719861830

800494257311449139

800496185969737728

800497768564654121

800497768145092660

800501392564944916

800497769143861300

800498552803295302

800498508691406879

800494558387109918

800494558416732171

800494426539556934

800494485661810728

800494211786473472

800499052278054912

800494211216441406

800494211715301406

800494066999230529

800494093775536128

800494354090557480

800494354123849748

800494354036817920

800494256832643102

800494256501293116

800494676326875158

800494676075347998